========MOSS=======
103412389 1 103820234 20.4
103412389 1 103820134 20.8
103412389 1 103786482 26.3
103820134 1 103890394 24.9
103820134 1 103820234 42.4
103820134 1 103825342 19.1
103820454 1 103786482 43.5
103820454 1 103820234 42.2
103820454 1 103412389 36.3
103820489 1 103786482 47.4
103820489 1 103820454 29.5
103820489 1 103820234 29.1
103820234 1 103820454 17.4
103820234 1 103820541 9.3
103820234 1 103825342 9.3
103786482 1 103820489 17.6
103786482 1 103825342 47.2
103786482 1 103412389 30.4
103890394 1 103820541 26.2
103890394 1 103786482 12.9
103890394 1 103820489 11.3
103824123 1 103825342 29.4
103824123 1 103820489 18.0
103824123 1 103820454 34.7
103820541 1 103786482 21.7
103820541 1 103820134 3.9
103820541 1 103825342 39.0
103825342 1 103820489 35.2
103825342 1 103824123 11.6
103825342 1 103820134 29.7
103412389 2 103825342 8.2
103412389 2 103820541 12.4
103412389 2 103890394 21.7
103820134 2 103820234 46.9
103820134 2 103825342 32.6
103820134 2 103412389 46.2
103820454 2 103890394 30.1
103820454 2 103412389 16.6
103820454 2 103820134 37.7
103820489 2 103824123 15.2
103820489 2 103820454 18.5
103820489 2 103820234 45.1
103820234 2 103820541 30.3
103820234 2 103786482 40.9
103820234 2 103825342 25.6
103786482 2 103820454 31.6
103786482 2 103412389 43.7
103786482 2 103824123 36.2
103890394 2 103820234 8.5
103890394 2 103825342 3.6
103890394 2 103412389 45.2
103824123 2 103820134 22.9
103824123 2 103825342 5.4
103824123 2 103820541 34.8
103820541 2 103825342 27.1
103820541 2 103890394 0.5
103820541 2 103412389 24.7
103825342 2 103824123 1.3
103825342 2 103820234 4.3
103825342 2 103820489 23.1
========JPLAG=======
103412389 1 103820454 10.8
103412389 1 103825342 43.1
103412389 1 103820134 19.5
103820134 1 103786482 48.8
103820134 1 103820489 38.6
103820134 1 103824123 16.3
103820454 1 103820489 32.5
103820454 1 103786482 23.6
103820454 1 103820234 37.9
103820489 1 103824123 43.5
103820489 1 103786482 13.3
103820489 1 103820541 38.7
103820234 1 103412389 31.1
103820234 1 103820489 17.3
103820234 1 103890394 16.0
103786482 1 103825342 21.6
103786482 1 103820234 0.1
103786482 1 103824123 47.5
103890394 1 103820134 4.8
103890394 1 103820454 38.5
103890394 1 103786482 18.0
103824123 1 103412389 16.5
103824123 1 103820541 25.0
103824123 1 103820489 39.1
103820541 1 103824123 13.7
103820541 1 103820234 3.1
103820541 1 103820134 29.2
103825342 1 103820454 28.1
103825342 1 103890394 7.1
103825342 1 103820541 12.0
103412389 2 103820541 20.5
103412389 2 103824123 14.5
103412389 2 103820234 20.9
103820134 2 103820489 16.3
103820134 2 103412389 32.9
103820134 2 103820454 34.9
103820454 2 103820134 8.7
103820454 2 103820489 35.6
103820454 2 103412389 23.7
103820489 2 103824123 16.0
103820489 2 103820541 31.1
103820489 2 103820234 6.8
103820234 2 103890394 26.0
103820234 2 103824123 11.8
103820234 2 103412389 6.4
103786482 2 103825342 20.2
103786482 2 103820454 7.1
103786482 2 103820489 11.9
103890394 2 103824123 0.8
103890394 2 103820134 0.7
103890394 2 103786482 17.8
103824123 2 103890394 14.0
103824123 2 103820134 40.3
103824123 2 103412389 49.1
103820541 2 103786482 25.4
103820541 2 103825342 25.1
103820541 2 103820234 49.3
103825342 2 103820134 23.9
103825342 2 103820454 26.6
103825342 2 103412389 37.5
