========TA=======
1 조민우
2 현사
========TASK=======
103820489 1 82.4 100 0.356
103820489 2 12.4 90 0.513
103824123 1 90.54 90 0.356
103824123 2 11.4 100 0.423
103820454 1 87.3 90 0.3134
103820454 2 58.2 0 0.3623
103820234 1 90.5 100 1.3134
103820234 2 14.3 90 3.324
103820134 1 50.5 60 4.386
103820134 2 13.5 80 2.152
103412389 1 23.5 80 4.352
103412389 2 80.5 100 1.23
103786482 1 512.5 80 2.854
103786482 2 501.5 80 9.657
103820541 1 805.5 0 10.854
103820541 2 73.5 90 5.585
103825342 1 135.9 100 0.005
103825342 2 60.9 100 0.004
103890394 1 135.9 100 0.005
103890394 2 80.9 100 0.013